57194375466 57211365771
14630854400 6603686887
57193844653 57194146935
55339243300 57194418236
14630854400 56520983100
35723738500 56909576000
6603538886 9235703200
7202485252 7202953420
36998895200 57201190869
56519409700 57202089609
57194571577 6701853261
15136810000 55926436900
35956711600 6701853261
56225913500 57200149917
55604492200 57199049198
57144015200 57200149917
57194759560 57216293611
23388121000 7102853204
56520983100 57197719364
25925359300 6701593553
14060612200 7004184392
48261570700 55339522500
16498801300 56225913500
56152457400 7004184392
57194759560 6602567116
36727458200 7102302593
55339243300 6603538886
57210706133 6602155179
55206503900 57196529673
57195602657 7101841106
12646442700 7004710405
35996035600 39262558900
35723738500 7004893698
56225913500 7003507586
57194375466 57210930849
25958170200 36012928800
57191493615 57201190869
14064177100 25958170200
57194375466 57194418236
14033877400 7004259889
55196116900 6505878570
57194375466 9235703200
57225193743 6603686887
56572360300 6603156741
35463856500 6506702696
55213891100 7003540219
25926634400 57203119863
57202089609 7102853204
14064177100 57190442943
35614855500 9241534000
6505878570 6506261002
55736896100 7601562455
55189867500 57225193743
12783091900 57203635760
16498801300 57194146935
21743521100 9636090900
56102265700 7004893698
57196529673 8876698900
22985918200 9241534000
57191493615 7006426672
55926436900 57201451821
12783091900 55912962800
57223203040 57226337838
14060612200 57210930849
57194375466 6603538886
15047396100 23388121000
22034355400 7004259889
56675400100 57186736200
56152457400 57210930849
48261570700 6507295878
56519409700 7403104656
56122454100 7003540219
14060612200 9235703200
57203771475 7004893698
56152457400 9235703200
25824679500 26967843600
48261570700 57223418733
57191612307 7005595568
57225981092 6701555846
57209305476 57226327508
6506702696 6507860353
36012928800 55714816700
57211833501 57226327508
36012928800 57202994955
10140494200 6602587828
57195602657 7003540219
24722343100 7201468248
6602212145 6602367398
16070578000 57117489600
56755855200 57195602657
36012928800 7202485252
54925397300 7403201863
35315426400 7403201863
16232981600 36012928800
12783091900 7003903434
23388415500 56755855200
16070578000 35315426400
19640005400 8961387100
14060612200 55604492200
39262558900 6701672014
25027558600 55926436900
56572360300 57194146935
55196116900 55719695100
15724297700 57210107043
7004946624 7201468248
57204294532 6505878570
55892677300 57210107043
6507593856 7004893698
36012928800 53165130600
56270005000 57211987267
55604492200 6507295878
57196529673 57225182265
56435055900 6505878570
54925397300 56115267900
56520983100 57225193743
36727458200 7102748608
35315426400 56115267900
35317963900 56459531300
56462258300 57215192816
57200784467 7404069278
55604492200 57223418733
7003540219 9242166800
56122454100 56755855200
57215605402 6506261002
56909576000 7004893698
55667560500 56647879400
35317963900 56572360300
55912962800 7003903434
23388121000 57202089609
56442251800 57193844653
25926634400 7005895774
15049080200 55139905100
35316687300 7601562455
35085758700 57201377890
56152457400 56909576000
34573358400 57190592764
10140494200 7403201863
35723738500 56152457400
35085758700 55196116900
46061313300 56587733300
36163383100 7101841106
55339522500 55831542400
16070578000 6602492239
56888287000 6701672014
53663472900 7202485252
57215830790 7003540219
7003540219 7004764756
35723738500 48261570700
7006776249 8599486300
55339522500 56909576000
22333939100 55926436900
26967843600 57210107043
55926436900 57191251288
14060612200 7004893698
55870584200 57204296619
57209305476 57223203040
56861712900 6701604269
56459531300 56572360300
26638595400 6701672014
56152457400 7004893698
57211833501 57223203040
51663972300 57217688914
6603491140 9636090900
6602587828 7004893698
57205026449 7102584529
17134312900 57211833501
36012928800 57202981554
57214820674 8409976700
15047396100 35463856500
56225913500 57193844653
57190592764 6602155179
16022463100 7201468248
16232981600 53663472900
26537490500 56675400100
26021474200 57208761172
39262558900 6507860353
36133600300 36727458200
26537490500 57191612307
55339243300 57199049198
55339522500 7004893698
57216293611 7005501402
57226337838 7201468248
57202648735 57203635760
6507295878 7004893698
56909576000 57211365771
23987569600 57215830790
56087857500 6701672014
57191612307 57225193743
26021474200 57206778362
23388121000 7403104656
57212090851 8961387100
6507593856 8876698900
57203907227 57212450122
56582840100 57208864553
57217688914 7601562455
56442251800 56459531300
6505878570 8703188200
16205447200 6505878570
25625316200 56462258300
57215192816 7004893698
57191693840 6701593553
36133600300 7005730748
56442251800 56572360300
19640049400 6701672014
15136810000 7004081145
54881722800 7004946624
26537490500 6603686887
7006645443 8961792000
26537490500 56520983100
57210706133 7004946624
55998680800 57226327508
57220810468 57220815759
10240403500 6603491140
57223418733 6603538886
57194375466 57199049198
56435055900 57192377511
57202089609 7403104656
26537490500 57194017951
56909576000 57194418236
48261570700 7004184392
35315426400 54925397300
56647879400 8310905300
15724297700 7601562455
56519409700 9242166800
57199049198 7004184392
25625316200 7004893698
7403354075 8703188200
35316687300 55736896100
56122454100 6505878570
57117489600 7403201863
55196116900 57204294532
56270005000 9241534000
14060612200 55339243300
55831542400 57194375466
16070578000 35105939600
7005895774 7006621313
24830653800 55926436900
55339243300 55339522500
10140494200 55342113900
55339522500 57211365771
36998895200 55658335000
35317963900 6603156741
57192377511 57203511944
36163383100 56755855200
23388415500 55887247600
36011530300 7004893698
35463856500 39262558900
56755855200 9242166800
57111671200 7403201863
57203907227 57209347092
57164656600 7006645443
48261570700 57210930849
10240403500 22333939100
15724297700 36727153700
57199049198 57210930849
54881722800 8298347800
14060612200 56152457400
55604492200 7004184392
57191723190 9537079500
6701735618 7003962294
21934460300 35590650000
25958170200 57209347092
57199049198 9235703200
56115267900 7403201863
6701555846 7006307933
10140494200 54925397300
57225182265 6507593856
51663972300 57224824173
6603156741 7003507586
7003994340 8599486300
14060612200 48261570700
57201190869 57204294532
56675400100 57219807568
34573358400 6602155179
15724297700 55892677300
55339243300 6507295878
56225913500 7004710405
16498801300 57193844653
15724297700 7006645443
57201377890 57210679479
56225913500 57191907277
56572360300 7005864666
23388415500 36163383100
23388121000 56122454100
55189867500 7003994340
16639308200 6701555846
55339243300 57223418733
35105939600 7403201863
19640005400 7004259889
55998680800 57223203040
23388415500 7403104656
48261570700 55604492200
16205447200 57192377511
36081388600 57325927000
57201451821 7004259889
35317963900 57194146935
57217318524 9537079500
25958170200 53165130600
56535705400 7407741768
14060612200 35723738500
6507295878 6603538886
55189867500 6603686887
55604492200 57210930849
55189867500 56520983100
10140494200 7004893698
16070578000 6504790532
35812691000 56455287300
42261836300 7006426672
25027558600 7004259889
16232981600 7403354075
57194375466 6507295878
6602587828 7004259889
56442251800 6603156741
36012928800 7501870759
24830653800 25027558600
14630854400 7006776249
7101841106 9242166800
15047396100 56888341000
57194375466 57223418733
36011530300 57192678672
36011530300 57192686028
56122454100 7403104656
57191723190 57217318524
48261570700 56909576000
14054540300 6701604269
36666074500 55342113900
15047396100 6507860353
6602212145 7004259889
26967843600 55892677300
57200213292 6506261002
56225913500 57144015200
55957199600 7403354075
57192111416 57203511944
14060612200 6507295878
57212832727 6506702696
36081388600 57325551900
18537988600 57190392076
56435055900 57215843295
56497195900 7006307933
55139905100 7003460450
25625316200 7006621313
22034355400 8409976700
16498801300 56459531300
7003319892 7201468248
23491959900 56372334400
55831542400 7004184392
22034355400 57214820674
14060612200 57223418733
57196529673 57225174359
7004893698 7006621313
39262558900 57216293611
55926436900 7004081145
57221349821 7003674108
23388415500 56395490600
57190592764 7004946624
36011530300 7102866191
55887247600 7101841106
56572729200 6603156741
57201190869 7006426672
56455287300 7005730748
56435055900 57203511944
48261570700 7004893698
57219807568 9241534000
16498801300 56572360300
57222325140 57325927000
57199049198 7004893698
12783091900 35590650000
57225193743 7006776249
35085758700 57205441786
39262558900 6602567116
56225913500 6603156741
56462258300 57203771475
56520983100 6603686887
56888341000 6506021716
55926436900 7004259889
54925397300 57111671200
35315426400 57111671200
16639308200 7006307933
14054540300 51462088200
55667560500 57189617768
57201377890 6505878570
55371113600 7006307933
57202089609 9242166800
25625316200 25926634400
26537490500 6602367398
55604492200 56909576000
57191907277 7003507586
16205447200 57196330700
7003674108 9241534000
25625316200 7005895774
26638595400 35996035600
56519409700 6506021716
7004893698 7005895774
55831542400 57210930849
7003962294 7005595568
15724297700 57200784467
7004259889 7005829745
57225182265 8876698900
7003994340 7006776249
6602120041 7003828229
23388415500 56122454100
35996035600 56087857500
16070578000 57191723190
55831542400 9235703200
56888287000 57216293611
57194418236 57211365771
26638595400 56087857500
57186736200 57221349821
56102265700 57215192816
57210679479 7005131362
36666074500 7004893698
36163383100 55887247600
55604492200 7004893698
55736896100 56587733300
57196330700 57220815759
57195559786 7201468248
56888287000 6602567116
57210679479 7004470188
57223303490 7004259889
35996035600 56888287000
26638595400 57216293611
56497195900 57188830670
56462258300 7003962294
7202485252 7403354075
7006307933 7201468248
26638595400 56888287000
22034355400 37120005500
10140494200 57111671200
56225913500 57194146935
57194831881 7201468248
35105939600 54925397300
26638595400 6602567116
21743521100 6603491140
57192818853 6507419194
19640049400 35996035600
7004946624 8298347800
48261570700 55339243300
10140494200 16070578000
56115267900 57117489600
56294003900 57186736200
55196116900 57210679479
36163383100 57195602657
56675400100 57211987267
26021474200 36781874700
55339243300 7004184392
57194418236 9235703200
6701853261 7003540219
57226327508 7201468248
57191612307 6603686887
35723738500 57194375466
55957199600 8703188200
14630854400 7003962294
57201377890 7004470188
15047396100 57212832727
19640049400 56087857500
15724297700 25958170200
57216293611 6701672014
57144015200 6505878570
56294003900 9241534000
24830653800 7004259889
15724297700 7404069278
23388415500 9242166800
36727153700 55667560500
36666074500 56102265700
25926634400 7004893698
56497195900 7003319892
57209305476 57211833501
15049080200 7102584529
56087857500 6602567116
57209305476 7201468248
14054540300 56861712900
15136810000 23491959900
57211833501 7201468248
19640049400 57216293611
57194418236 6603538886
55887247600 56755855200
57190287259 7004946624
19640049400 56888287000
48261570700 56152457400
57226327508 57226337838
57223418733 6507295878
35723738500 55831542400
57194375466 7004184392
21743521100 22333939100
57192818853 7003828229
55719695100 6505878570
6602492239 7403201863
16498801300 6603156741
55339243300 57210930849
15724297700 55332742500
15047396100 57192085863
37120005500 6701593553
25925359300 8951963200
56122454100 9242166800
57209305476 57226337838
57225193743 7003962294
56395490600 7403104656
55339243300 9235703200
57211833501 57226337838
55213891100 7004764756
55714816700 7501870759
35316687300 56587733300
16205447200 36682474500
22034355400 56671237900
56519409700 56888341000
56115267900 6602492239
23566767000 57204294532
57195602657 9242166800
56122454100 7101841106
36081388600 57222325140
55139905100 7006307933
56587733300 57203483354
15724297700 26967843600
57211987267 9241534000
6507419194 7003828229
57225193743 7003994340
56102265700 56462258300
6507419194 6602120041
17134312900 57209305476
55189867500 8599486300
36163383100 56395490600
57195755875 7004946624
57215605402 6505878570
26537490500 57219807568
55604492200 56152457400
25824679500 37065430200
55339243300 55604492200
26638595400 39262558900
57191251288 7004259889
10240403500 55926436900
36012928800 57127691300
7004470188 7005131362
57210930849 57211365771
57192686028 6505687292
55206503900 57225182265
57209347092 57212450122
35590650000 57202648735
26537490500 7006776249
46061313300 57203483354
15047396100 9242166800
56909576000 57194375466
57193844653 7004710405
34573358400 57210706133
36133600300 7102748608
21934460300 57202648735
53165130600 57203907227
57202089609 6506021716
12783091900 21934460300
14064177100 57196189968
16205447200 57220815759
56888341000 7102853204
57192377511 57202550865
57199049198 6507295878
23566767000 57201190869
55339243300 56909576000
55658335000 57204294532
56372334400 7004081145
57204296619 57225981092
36163383100 56122454100
19640049400 26638595400
7003962294 7004893698
55139905100 57205571469
57199049198 57223418733
56115267900 57111671200
57203635760 7003903434
56675400100 9241534000
35996035600 7005501402
35996035600 57194759560
19640049400 39262558900
57204762531 6504790532
14630854400 55189867500
35812691000 36133600300
57192678672 6505687292
14060612200 57194375466
16232981600 7202953420
57197719364 6603686887
24722343100 57190287259
57211365771 6603538886
56520983100 8599486300
12783091900 6506261002
35723738500 57211365771
6505878570 7403354075
56152457400 57194375466
56861712900 7003540219
6603538886 7004893698
35105939600 57111671200
55831542400 57199049198
55339243300 7004893698
25926634400 7006621313
26322440600 7201643107
23491959900 55926436900
6603686887 7006776249
42261836300 57191493615
57190881395 7201468248
35614855500 56675400100
55196116900 7005131362
57194017951 6507345160
7005595568 8599486300
57210930849 6603538886
56116029500 57193668918
16070578000 7403201863
55339522500 57194375466
55196116900 7004470188
24722343100 54881722800
55998680800 7201468248
36012928800 53663472900
14033877400 19640005400
56572360300 56572729200
55831542400 56152457400
14060612200 55831542400
6602212145 7003828229
56572729200 7005864666
35723738500 57210930849
55667560500 8310905300
55658335000 57201190869
35723738500 57194418236
23987569600 7003540219
35956711600 57194571577
36163383100 9242166800
14064177100 53165130600
19640049400 7005501402
57194375466 7004893698
14060612200 56909576000
35723738500 9235703200
19640049400 57194759560
36012928800 57205655009
56459531300 7003507586
51462088200 7006307933
57192389183 57204296619
57194418236 57199049198
23388121000 56888341000
57192377511 57203418700
55196116900 57201377890
6701593553 8951963200
37065430200 57210107043
55998680800 57226337838
57204296619 6701555846
36781874700 57206778362
55926436900 9636090900
55139905100 57202900324
22333939100 9636090900
57223418733 7004184392
55189867500 7006776249
57215843295 6505878570
21934460300 57203635760
12783091900 57202648735
35723738500 6603538886
55139905100 7102584529
21934460300 55912962800
55342113900 7004893698
6506021716 7102853204
57203907227 7601562455
57194759560 7005501402
25925359300 57191693840
55719695100 57200213292
57191612307 8599486300
51663972300 8703188200
10140494200 56115267900
56116029500 57192377511
16205447200 57033052400
57225174359 6507593856
7202953420 7403354075
57202981554 7501870759
26537490500 7003962294
23388121000 57195602657
36666074500 6602587828
56888341000 57202089609
56909576000 7004184392
56395490600 7101841106
57188830670 7006307933
57194571577 7003540219
57191723190 7103191823
57203511944 57215843295
55887247600 7403104656
57191693840 8951963200
55719695100 57204294532
55912962800 57202648735
25027558600 7005829745
14064177100 57208864553
57192377511 6505878570
57203418700 6505878570
26537490500 7003994340
57219458293 7003319892
57223418733 9235703200
57195724135 7102302593
56462258300 6701735618
55831542400 6507295878
57206778362 57208761172
57203119863 7004893698
57221349821 9241534000
25958170200 57212450122
6505687292 7102866191
57201451821 57223303490
55831542400 57223418733
16070578000 7103191823
55339243300 56152457400
55196116900 57200213292
14630854400 8599486300
55957199600 6505878570
56520983100 7006776249
56380583800 6701555846
25027558600 57200372107
55667560500 7404069278
56909576000 57210930849
18537988600 57192085863
15047396100 6506021716
57217318524 7103191823
57202550865 7407741768
14060612200 57211365771
24722343100 57195759974
16205447200 57209198420
57223203040 7201468248
56152457400 57211365771
57201377890 57205441786
57194146935 6603156741
57202648735 7003903434
6603686887 7003962294
56909576000 9235703200
7005595568 7006776249
6602820274 7201468248
57191907277 6603156741
55339522500 7004184392
25958170200 57127691300
6507295878 7004184392
57192377511 57193668918
57216293611 6602567116
56225913500 56459531300
57194418236 6507295878
56888341000 7403104656
56582840100 57190442943
56648185200 57189617768
55870584200 57192389183
35614855500 56270005000
16498801300 7005864666
55887247600 56395490600
55926436900 7005829745
57194418236 57223418733
39262558900 6506702696
6603686887 7003994340
57225193743 8599486300
16070578000 54925397300
56909576000 6603538886
57200213292 6505878570
55714816700 57202994955
54925397300 57117489600
35315426400 57117489600
56225913500 56572360300
36781874700 55139905100
51462088200 7003540219
15047396100 56519409700
21743521100 55926436900
14060612200 57194418236
15724297700 25824679500
36012928800 7403354075
56152457400 57194418236
36012928800 57193320626
7003540219 7006307933
56535705400 57202550865
55332742500 7006645443
36133600300 55060319500
7003962294 7003994340
51663972300 7601562455
14054540300 7003540219
55189867500 7003962294
55926436900 57223303490
10140494200 6507593856
55339522500 57210930849
35463856500 57212832727
14064177100 57193320626
6505878570 7003540219
55339522500 57194418236
55912962800 57203635760
14060612200 6603538886
35085758700 35196005000
55719695100 6506261002
57195724135 7102748608
55339522500 9235703200
57202994955 7501870759
56395490600 56755855200
56152457400 6603538886
23388415500 57195602657
57191612307 7006776249
6507295878 9235703200
57223418733 7004893698
57188830670 7003319892
55887247600 56122454100
56270005000 56675400100
6701735618 7004893698
56755855200 7403104656
57192111416 6505878570
55206503900 57225174359
48261570700 57194375466
42261836300 57201190869
26537490500 55189867500
57225174359 8876698900
57197719364 8599486300
35723738500 55339243300
36133600300 7003674108
56380583800 7006307933
26537490500 57186736200
10140494200 57117489600
23491959900 7004081145
55714816700 57205655009
57192377511 7407741768
56225913500 56442251800
26537490500 7006307933
16498801300 35317963900
55339522500 6603538886
35723738500 57199049198
23566767000 55658335000
54925397300 6602492239
35315426400 6602492239
26537490500 9241534000
19640005400 57212090851
57189617768 8310905300
55339522500 55604492200
55060319500 57195724135
10140494200 35315426400
56122454100 57195602657
55736896100 57203483354
57223203040 57226327508
15047396100 57190392076
53663472900 7403354075
35105939600 56115267900
48261570700 55831542400
14630854400 57197719364
57203119863 7006621313
55196116900 6506261002
57190442943 57208864553
36727458200 55060319500
24830653800 7005829745
37065430200 55892677300
56671237900 8409976700
14033877400 6602587828
57190287259 57195759974
56497195900 7201468248
56671237900 57214820674
7004893698 9235703200
7102853204 7403104656
57186736200 7003674108
16232981600 7202485252
15047396100 57195462817
56520983100 7003962294
16205447200 57203418700
6506021716 7403104656
55604492200 57194375466
25958170200 57203907227
55714816700 57202981554
39262558900 56087857500
25824679500 57210107043
55887247600 9242166800
57203483354 7601562455
57225193743 7005595568
25625316200 57203771475
35996035600 6701672014
57211365771 6507295878
23388121000 9242166800
15047396100 18537988600
57205655009 7501870759
57225174359 57225182265
55206503900 6507593856
24830653800 57200372107
56520983100 7003994340
24722343100 7004946624
57211365771 57223418733
7101841106 7403104656
23566767000 36998895200
39262558900 56888287000
10140494200 6602492239
17134312900 7201468248
35723738500 55339522500
57210930849 6507295878
57164656600 8961792000
55332742500 8961792000
10140494200 36666074500
36133600300 57221349821
55604492200 55831542400
36666074500 6507593856
55196116900 57205441786
57210930849 57223418733
14064177100 57325927000
37120005500 7004259889
53165130600 7601562455
6603156741 7005864666
7003994340 7005595568
57195755875 57195759974
57186736200 57219807568
56572360300 7003507586
56122454100 56395490600
57204294532 6506261002
17134312900 57226337838
56459531300 57191907277
15724297700 8961792000
57192111416 57192377511
10240403500 21743521100
57194418236 7004184392
15047396100 7102853204
6602567116 7005501402
56888341000 9242166800
16070578000 57111671200
35316687300 57203483354
56909576000 57199049198
57190881395 57194831881
15047396100 6506702696
57191612307 7003962294
6602120041 6602212145
35723738500 6507295878
57202981554 57202994955
51663972300 6505878570
24722343100 8298347800
57197719364 7006776249
26537490500 8599486300
7103191823 9537079500
35723738500 57223418733
57111671200 57117489600
57325551900 57325927000
35196005000 57201377890
14064177100 57325551900
48261570700 57211365771
57199049198 57211365771
26537490500 57193204808
57192377511 57215843295
26537490500 6602212145
57194759560 6701672014
35196005000 55196116900
57191612307 7003994340
56587733300 7601562455
55060319500 7102302593
15049080200 57205026449
23018475600 56116029500
56442251800 7004710405
57203511944 6505878570
57194418236 57210930849
14060612200 57199049198
56442251800 57191907277
57200213292 57204294532
24722343100 57195755875
56152457400 57199049198
56462258300 7004893698
53165130600 57127691300
57201377890 7005131362
36781874700 7006307933
15724297700 55667560500
56087857500 57216293611
15136810000 56372334400
10140494200 35105939600
56087857500 56888287000
7004184392 9235703200
57117489600 6602492239
7403104656 9242166800
25958170200 57193320626
55998680800 57209305476
35105939600 57117489600
46061313300 7601562455
48261570700 57194418236
57008331300 9241534000
55339522500 57199049198
17134312900 57226327508
56755855200 7101841106
57195759974 7004946624
16639308200 56380583800
48261570700 9235703200
57202981554 57205655009
55831542400 56909576000
6603686887 8599486300
34573358400 7004946624
55604492200 57211365771
35105939600 35315426400
15724297700 37065430200
56459531300 6603156741
55189867500 57191612307
57212832727 6507860353
55206503900 8876698900
56395490600 57195602657
51663972300 57225266864
57192686028 7102866191
39262558900 57212832727
57192389183 57225981092
57111671200 6602492239
12783091900 6505878570
14064177100 7601562455
57192818853 6602120041
16070578000 9537079500
55339522500 56152457400
48261570700 6603538886
57199049198 6603538886
57192678672 57192686028
7003962294 8599486300
56535705400 57192377511
25625316200 57203119863
7102853204 9242166800
26322440600 7004893698
57192818853 6602212145
14060612200 55339522500
6506021716 9242166800
55831542400 7004893698
15047396100 57209316984
26537490500 6507345160
51663972300 55957199600
57211365771 7004184392
55870584200 57225981092
56909576000 6507295878
55604492200 57194418236
39262558900 7005501402
39262558900 57194759560
6505878570 7005131362
57196330700 57220810468
55604492200 9235703200
15047396100 57202089609
55339243300 57194375466
26322440600 36011530300
17134312900 55998680800
56909576000 57223418733
23388121000 6506021716
10240403500 9636090900
26537490500 7005595568
36012928800 7202953420
6505878570 7004470188
57192678672 7102866191
7004893698 7201643107
35105939600 6602492239
55060319500 7102748608
6507419194 6602212145
57210930849 7004184392
55926436900 6603491140
22333939100 6603491140
26967843600 37065430200
25824679500 55892677300
56572360300 57193844653
57192111416 57215843295
56459531300 57194146935
36133600300 57195724135
57195462817 57209316984
55604492200 6603538886
57210679479 6505878570
14064177100 36012928800
56520983100 57191612307
57195602657 7403104656
57194418236 7004893698
57197719364 7003962294
14064177100 36081388600
6602155179 7004946624
36682474500 57033052400
36011530300 7201643107
57190392076 57192085863
22985918200 57008331300
55339243300 55831542400
56152457400 6507295878
7004184392 7004893698
16070578000 57217318524
14064177100 57127691300
55332742500 57164656600
17134312900 57223203040
15724297700 53165130600
51663972300 7403354075
23388121000 56519409700
56152457400 57223418733
57196189968 7601562455
57190287259 57195755875
46061313300 55736896100
57219458293 7201468248
57211365771 9235703200
56888287000 7005501402
55831542400 57211365771
56888287000 57194759560
57192389183 6701555846
7102302593 7102748608
36133600300 56455287300
16498801300 56572729200
7201468248 8298347800
57200372107 7005829745
7003319892 7006307933
57205571469 7003460450
55339522500 6507295878
57127691300 57193320626
6603686887 7005595568
56519409700 7102853204
35723738500 7004184392
57202900324 7006307933
26638595400 7005501402
55339522500 57223418733
26638595400 57194759560
15724297700 57164656600
57210930849 9235703200
15047396100 7403104656
36781874700 57202900324
57202994955 57205655009
53663472900 7202953420
14064177100 57222325140
55870584200 6701555846
26537490500 55371113600
15724297700 57203907227
19640005400 6602587828
36727458200 57195724135
36682474500 57209198420
55831542400 57194418236
56435055900 57192111416
56087857500 7005501402
55998680800 57211833501
56087857500 57194759560
55926436900 56372334400
36727153700 57200784467
23018475600 57193668918
57222325140 57325551900
23388121000 7003540219
36011530300 6505687292
35614855500 57211987267
35996035600 57216293611
55342113900 6507593856
7003962294 7006776249
57196529673 6507593856
36133600300 57186736200
54881722800 7201468248
55139905100 57205026449
55189867500 7005595568
55831542400 6603538886
14064177100 56582840100
35996035600 6602567116
15047396100 39262558900
36781874700 57208761172
57193844653 6603156741
57190592764 57210706133
16070578000 56115267900
36133600300 9241534000
6701672014 7005501402
35590650000 57203635760
36998895200 57204294532
26537490500 57225193743
55189867500 57197719364
35590650000 55912962800
6603538886 7004184392
35812691000 7005730748
57033052400 57209198420
14054540300 7006307933
48261570700 57199049198
56225913500 6505878570
56572360300 57191907277
16205447200 57220810468
55339243300 57211365771
57211365771 7004893698
12783091900 57215605402
35723738500 55604492200
57188830670 7201468248
55667560500 57200784467
36133600300 7102302593
57224824173 57225266864
36163383100 7403104656
56395490600 9242166800
6701604269 7003540219
37120005500 6602212145
35463856500 6507860353
35196005000 57205441786
55887247600 57195602657
36727153700 7404069278
25958170200 7601562455
23018475600 57192377511
57186736200 9241534000
53165130600 57193320626
57210930849 7004893698
6602567116 6701672014
23388415500 7101841106
56442251800 7003507586
26537490500 57209105561
35590650000 7003903434
56647879400 57189617768
19640049400 6602567116
55879161300 56648185200
55879161300 57189617768
16070578000 57204762531
35316687300 46061313300
21934460300 7003903434
56520983100 7005595568
