57194831881
16205447200
56519409700
6507593856
6701555846
48261570700
35105939600
57195462817
35956711600
56152457400
12783091900
7004946624
57190392076
57325551900
57193668918
57214820674
35463856500
7404069278
6602367398
54881722800
57221349821
35316687300
6603538886
57192686028
18537988600
56861712900
56520983100
57201377890
16022463100
55714816700
7005864666
57203483354
57195602657
56270005000
26967843600
7102866191
57201451821
6602212145
6506021716
7601562455
56102265700
53165130600
57204294532
57222325140
23987569600
6603686887
36682474500
14054540300
15136810000
57127691300
36727153700
16232981600
35315426400
55342113900
55371113600
6602155179
24722343100
57219458293
57205441786
57192678672
56395490600
57211987267
7403201863
57217688914
55332742500
57224824173
36666074500
57194759560
57200149917
9235703200
55206503900
57205655009
7004710405
51462088200
23388415500
9242166800
7004259889
57203418700
6701672014
7006307933
57209316984
57202648735
57210930849
57225266864
12646442700
57220810468
22985918200
56535705400
57194571577
6603491140
6506702696
57190287259
57204762531
55196116900
23388121000
7005595568
57190442943
51663972300
57201190869
57196529673
10240403500
56116029500
57202550865
57203771475
57192818853
9537079500
57223203040
6505687292
57225193743
57194375466
56587733300
56115267900
6602492239
56087857500
57195759974
10140494200
7102302593
57211365771
57200372107
7403104656
36727458200
57206778362
6506261002
35996035600
56442251800
6701853261
8961387100
55736896100
14060612200
35196005000
6602820274
56647879400
7003540219
15047396100
57215830790
55658335000
7407741768
57208761172
25625316200
56497195900
7003507586
25926634400
57204296619
7006776249
57212832727
55189867500
7004081145
35812691000
36081388600
57193204808
57194146935
57209105561
57211833501
57225981092
57192377511
7006645443
6603156741
55060319500
8876698900
54925397300
21743521100
21934460300
6602567116
57188830670
55139905100
7003319892
7006621313
57205026449
55998680800
57215192816
57202994955
36012928800
36163383100
56372334400
57197719364
16070578000
7201468248
56380583800
8409976700
26021474200
57193844653
14064177100
57164656600
57191493615
7003828229
55667560500
57194418236
23018475600
56122454100
7102853204
57189617768
56462258300
57193320626
57191723190
57210679479
35085758700
57033052400
57190592764
57223303490
35614855500
6507860353
26322440600
57111671200
16639308200
7004893698
56455287300
56888341000
42261836300
7005131362
57203511944
55892677300
55719695100
19640005400
7003460450
57223418733
23566767000
6701593553
7202485252
9636090900
55926436900
56459531300
6505878570
57200784467
6507295878
57194017951
57210107043
37065430200
56294003900
22034355400
6507345160
34573358400
26638595400
57212450122
24830653800
56648185200
37120005500
55870584200
7003903434
57226327508
55879161300
7003674108
7006426672
57203635760
6507419194
25824679500
36998895200
56572360300
7501870759
25925359300
7102584529
57203119863
56671237900
55339243300
56909576000
57209198420
56572729200
55604492200
7005730748
7102748608
7005501402
7403354075
8961792000
36011530300
26537490500
57186736200
57190881395
35590650000
7202953420
57210706133
7003994340
55887247600
57196189968
57219807568
57144015200
57195755875
57192085863
57209305476
14033877400
56675400100
57117489600
55339522500
8310905300
57212090851
57199049198
6504790532
57008331300
57192389183
7004764756
57325927000
7201643107
7005829745
55831542400
16498801300
57215605402
57203907227
56225913500
57202981554
39262558900
57216293611
55957199600
55912962800
7103191823
57195559786
6602120041
57220815759
7004470188
7003962294
57215843295
57209347092
36133600300
57225182265
23491959900
7005895774
35317963900
25027558600
8703188200
53663472900
46061313300
8298347800
56435055900
57200213292
57192111416
57225174359
57191251288
57202900324
57195724135
35723738500
15049080200
22333939100
6701604269
17134312900
15724297700
36781874700
57191693840
55213891100
57226337838
9241534000
8951963200
25958170200
57217318524
57202089609
6602587828
6701735618
57196330700
7101841106
19640049400
14630854400
56888287000
56582840100
57208864553
7004184392
8599486300
56755855200
57205571469
57191612307
57191907277
