55279829000
56861712900
57221348351
22834828700
57211585721
26641180800
26021474200
6701497065
57222466921
7405270696
55143406500
56817942000
57200213292
15766584600
57194734506
35303390800
7403201863
23974508300
57204323491
57193331129
6603681252
7003891193
7102623618
57192705307
35200598400
7401899864
35274436100
57213485097
55332742500
56337579000
36884157600
55892677300
55809037100
6603398231
57208756719
57211351410
7102491544
57219450076
55719695100
35466313100
57194146935
6602650040
56294003900
57193114852
7003507586
56705435800
54996357900
57193713850
6602255083
55887247600
57206244910
57202393407
25927782600
56373948700
7201521432
6602400846
57218555034
7406426134
57198567387
6505878570
56955310400
24075271800
7403282060
55815442900
57193170933
47061026300
56435055900
8514120500
56940831500
57211806764
7004184829
57219497973
57211833501
7006641761
57190174635
57212486194
54382936000
57373443800
56418496700
55377435700
56460590000
23484773500
54941364500
56023728000
6602400758
55535798600
57200701751
57219423317
36039332000
24343470400
56915801300
57203771475
35614855500
35604913000
56660072300
36720841400
23991970400
57222244162
57220839063
55342113900
57201422861
57215192816
55928012300
57192507086
35182777600
57205761810
56454296700
57205564687
57190285680
57302427000
35752576800
35611951900
57194553626
57209788213
57207856938
57200383977
56741254300
56808402600
57189902041
55820671800
8069736900
35087949500
36562504600
57188861994
36164177200
7601559842
56013594800
57205293093
56404168800
57212450122
56063328000
54412774700
6507110196
57116866400
57205558641
57194831881
57192378851
57211967475
56520983100
56496547600
57217246873
7005332419
24759250900
57196719678
7004975988
57204792611
57216201407
57221588143
57192938613
57221910094
23395835900
56479633000
57201088270
56707986600
55157826700
57211965390
55371113600
57211712725
22333939100
36640673500
57211601904
57216293611
6602888162
24376438800
25635388600
57204731923
16068594200
57192678672
14056159100
55902491700
7101808580
57203134349
57225076786
56543750800
57194017951
23008012100
57221587724
16025891200
57207339125
55349664100
57205286113
57221306377
55831542400
12807349400
8350523800
35105939600
7005895774
57195435322
56122454100
56718993100
36051929300
24512136100
57215614350
57210286668
55904339600
7102260555
6701605344
57325227700
22034355400
57194632476
57195242845
55843599600
57222015649
24544599900
57197858731
57013727600
6701776485
14012552000
55890915400
55245820100
35316687300
6603653308
56682408400
56926913200
9537079500
7003830644
57221905302
7403354075
7402206925
55976400200
57191723190
12783091900
6603467465
57202550865
57074059600
57190849338
57225766203
56156609900
26537490500
57204294532
57260790300
55794001300
36169892800
56411874700
57201377890
7102853204
24477221900
7404804166
7004147719
57202799943
57202648735
57206239855
56431465500
55334241700
57196147052
57117489600
57197928319
24821181700
57266540200
57191924030
55809354300
57277041700
57191223161
57209342099
7101832058
57195559786
57210198671
57193197823
16025317800
57202981554
57216463865
57217852653
35956711600
7003769381
55902702200
57216653231
6603978881
36170458100
57197845920
57204856630
57283802300
57212280332
57209659026
35590575600
6507894374
37072137400
36610437100
57211430706
7401543551
57191251288
55340731000
57200687276
16246490300
26326324000
56991685500
57222020128
56527335300
57211525558
57203233721
55554104900
15751945400
9242166800
57209198420
57193928502
56093387900
54397616700
26221029100
57193320626
7201999269
57197800534
57204915139
57210679479
7006442975
7701311704
57194005723
7004756014
56938083600
57201394208
15061114300
57196529673
6507894012
37260976700
22834397500
35173545500
6602587828
57193885988
57194571577
57213128242
22035084800
35996035600
55890832700
57201026011
13907942400
57194418236
57196487034
14045171600
57220804602
57316881600
8534797800
52563770900
55767513300
52063906100
57210912695
57189617768
57026585500
50961325100
23017926600
6507593856
55408401600
36740978600
57217318524
16498801300
7102748608
57214137194
55366712400
57219004735
7004260288
56542768800
57201994831
57193668918
35230043600
16317743000
57213163118
57192113147
57207430868
36719859000
56372334400
55441416200
57188785706
57196473209
55219984300
37053391600
57224918392
7403225272
8983968500
7004407304
57207877570
16205409900
7404779397
7404060155
57194375466
7402366049
57191485118
55196116900
57200784467
57215420930
57217631866
55925839200
38863598800
6506478915
7401474154
57220059443
56948517000
7005865062
57203577118
6602910863
57216838700
57102963900
37000276500
57216273007
7201364404
57202530494
56168817000
57193673120
56084414300
6604041296
14032871000
57209252473
57203003419
57035310400
57226828132
56152358600
56982832100
56116029500
57216488549
7005771861
57209103213
57196343279
36097821700
57188680620
24462191200
24328872300
26638595400
56487126500
56000877400
56808614500
57192916153
57203063137
14630183300
57222468335
56301683100
56023011700
57220810468
57303661200
10540148500
35209827400
7202708944
36655565600
6506536288
57213620142
57212832727
23111078000
55330681500
57204082720
6506291911
8723651100
6603074246
55248200400
56565589400
7103138852
57211491614
42862111400
55260259700
57202348225
7201794483
8842341600
57202089609
56194336300
55921528100
55939530600
26421994500
35868417900
15020447100
56035006500
57204967568
55998680800
16551353200
57219506544
35185080200
57195283163
57204343195
57192686028
55582731100
57215488633
37037984000
56693397800
36925731100
55618964600
57210930849
7006291221
55902099700
36012928800
6602505106
55604492200
6701853261
55876737900
35604980600
7102112270
57226822888
57191845354
57212464992
23491959900
8566909600
55445614200
36135046300
57203511944
6603824902
57193891254
57214247824
57205026449
57203353664
55714276000
57211987267
6603263932
57200689140
8392615700
8383791400
57209097150
57222224392
16317584800
57219570464
6507696132
19639246100
55768763800
56403519300
57325551900
57113904200
57203318734
36604446600
7007009318
56261524000
7401800666
7004946624
57193204808
12242940800
57204888514
57325927000
57220290466
57033052400
57209583708
7402447211
35207497600
57211502667
56462258300
57193521376
55690063200
57210831385
57210864198
14071923600
57196487298
57219941102
24341727800
57211800317
23089173400
8052176400
16232981600
7501951180
8876698900
55714816700
55879161300
7407741768
57226600499
55213891100
57164656600
57221591922
55543648600
57204874516
36242339500
56023932300
57210699786
57189632815
57191904975
57215878711
54890205600
57200418984
57196320272
36720537900
57220510773
6507379059
55656651000
55257137700
57204162715
57189850858
57208568597
57092376600
15759902600
7202701370
57203353848
57211010599
56705512500
25958170200
57200385742
57224652736
55967619400
7403104656
26662699500
57226549474
26028071900
56898643100
30367588900
55398853600
57194378061
42962638900
37039984500
8713567900
56647879400
7004470188
7005011457
55573691900
16507448500
55655022600
57191693840
57203223173
57186736200
57209105561
57201303764
57204564018
23670005000
57211378244
57205572918
57206133814
55483345800
7402320843
6505892143
7404419605
57188575338
23488652000
57215578466
15136810000
7004223170
8951963200
57295330700
57195771780
55713244100
35306883700
57209395253
57191493615
56675400100
7801543164
55650932000
19640049400
14065247200
23567247000
57217039894
56290256900
7004710405
7006029957
6507860353
56038392800
57207467774
7003666520
57205303176
56120048900
57222991882
7501870759
55577834400
57216738687
55798152600
56814692000
57210277568
55633757600
56424134200
57188641706
57195638028
55343989000
57218570155
57198766614
55060319500
56586999900
57220815759
7005894738
57218561901
24830653800
36100144400
56681745800
6603233977
57193580379
57190282881
56703501800
8352747100
56938220200
9845927300
55667560500
35237843900
57194185980
57191700423
56565351900
22433561100
36463065200
57383842000
55821267600
57212653205
57221462122
7102856656
55367857600
55513434800
57191625180
55516815300
56206605000
56350283500
57208313287
57212002778
57205587783
7006119406
6505591960
55585758000
57223399598
55666234500
57216591302
57209027231
26428865200
57202606837
6603958190
57205655009
14035358100
57212090851
55686829400
56654619700
55430785300
57195759974
6603423982
7404804899
56888287000
57205219425
16178332200
15047396100
57212961021
56925013600
57214998981
55802918800
57205476625
55327028500
55703882900
36572297100
56845411800
56288846300
6503937360
57226746278
6603634239
14068761100
7003555503
57194275754
57208677390
7005861575
57221087636
57208594937
56335673500
24170917600
6602875180
41862203600
24481190200
57212649599
37057324000
57200372107
57200378165
56347553700
16416609700
57193497871
57216907224
55892710700
57219184574
8716349600
36704809700
57211345939
57223106596
9040105500
6603356893
24765408300
55866349300
57001642900
9845103000
57190287100
56739603800
57205300113
31168141800
57192111416
57127691300
57221400765
57222321824
6701416352
57222118564
57189727550
57212303561
57225860751
56582840100
36105605300
57220448386
10242378700
7005993790
36761843300
7202955989
56380583800
7005829926
57201121422
57219628227
57203835394
55707310000
26326171700
57204429699
35230163600
57195275580
57355435700
36011530300
57193083326
57195254389
56291196300
57200445922
39262558900
56013580600
57138839100
8909314700
23468658900
57215209179
7003756944
8961387100
36768954600
36784814000
57355717300
57219544229
13608761000
7005864666
9734075200
57215694001
55359541100
55926814100
16639308200
57193410881
57218471131
35555100900
26532658200
55585714500
6603538886
23027411100
57265854100
57189238058
34971754900
57215056141
57276700800
57211277024
36163383100
57194564909
57200717641
6604005772
7005501402
55207253700
7401839573
57216259664
24067435700
7102080520
57208396852
7409120739
55348790100
9241534000
56235180600
25655211900
14024686000
57222712612
57209347092
57211410622
57223391818
57190676299
57208555899
57196719231
57218890759
55914042800
55286382200
37036612200
57196409361
57299977100
6507345160
51061647400
55965327000
10140494200
57191708046
7004388979
7405920374
57014125300
57276528700
14065346100
8298347800
23483288800
36727458200
48361289600
6506497511
35405771500
55419740000
56266591900
57208489128
35176506900
6602499111
7003942369
57223811713
57211488287
57215605402
57193607684
26322440600
35611060200
57219831412
57129073400
56011622200
55547367400
57209643406
57204762531
57219269805
57196921228
6602739976
55339243300
24073110100
56768502600
57222325140
6602717574
57200379493
7004893698
56019816900
57211211983
12141006200
34872913800
35196005000
35330117500
57211109160
57221125277
23005241300
56196702600
57225266864
24767254400
7801396308
56437132800
7201468248
14054540300
56909576000
35317963900
57194063826
8894876500
57191256293
57202923337
57224465387
7102302593
57204296619
56559131800
34973286900
57190287259
55719077900
6507990782
57217825096
57189659228
57216485297
57218619924
27467581700
55934627000
57222307473
55736896100
7401512359
57238742800
7003319892
23018475600
55904375800
57205535789
36166917000
36666074500
23088057300
7201366998
6506021716
56418602200
9839149200
56780631000
57195773283
57192986630
57217083831
56379191400
55311342200
57195062124
6602777267
57205409274
57212655564
35114049100
15043716600
35486875600
57201028963
6602212145
16549277100
35309924700
57219510912
57201253460
7005829745
9274397600
57193883156
18537988600
36701186200
53165130600
55620556000
56572360300
7006038431
57217156260
6603726429
57188830670
57220008731
57092331700
57208722043
11441025500
56340103800
6701342531
14063909100
57191847304
56013684500
57192814221
8241151200
35205300800
7402930105
7402124523
57193067671
57203212654
35554798200
57208096192
13607356400
57221820398
7401706522
56816256100
56637524100
56490165000
7102866191
55629890900
15768963700
55605258800
56600247800
57222760224
14070428000
57190761855
15759198300
57219458293
55598850300
57195366510
51462088200
57219975200
36052466000
57201008954
57201996118
7701312355
57224790372
6602549479
57203899938
35604380200
57194202388
57203097294
56984437000
57222108210
57217041408
26643174700
57200315810
57189046693
57202504312
55940463600
57209808281
57258732400
6602820274
56870900900
57212661320
10840610700
8982348700
57145468200
24470496700
14033877400
37100450300
16177239100
57202362540
7403007411
57193667181
57209305476
56270005000
57200584052
57218687665
7006645443
57205405508
57215420047
56583901200
6603240774
55837432600
57191202999
56182993400
6507452523
57192377511
25421802900
15057742200
57194612146
55949391900
25641296500
55751744665
26642958200
57215896809
57226481475
7202239519
57210828035
7003319739
55682904400
7003685847
56717631400
57205722666
6603631181
56200119400
55147015100
7403083555
57209316984
24537812900
14827497200
6602429118
7202485252
57194330591
16686534500
56519409700
24339852300
57016269700
57201733905
57215676116
57223418733
56516826000
23977461000
57209466491
57219687435
7202277339
57205401449
57192389183
7004408177
35590650000
57219447836
57207110208
54883441500
57205260417
57212931911
57190392076
7004259889
57194219666
15046611900
7801334812
57008331300
55925129900
57191907277
7404101276
57202925163
23566767000
14520641400
57219335796
55844853700
22133611700
7404069278
50462079300
16234024600
55651633200
35080015400
55787326200
48061236100
49061054100
57190870680
36863262200
22980453700
7006426672
57202628736
52263908600
6602328515
57208305993
9238613200
57203379186
57223303490
57226108910
25824679500
56449913600
57198517541
7401799900
57218652823
6603668997
56088655100
57353783400
56780618600
23396539500
57219932407
56300116600
55857901000
55695807800
57222153660
57208873207
12243201600
57201089537
57212576406
57196473730
16308427600
57197785451
26029095100
6602367398
56034673600
51663972300
56996376400
7402419777
9238613400
7003843725
6602487591
35119094400
57217585860
57189492247
55658335000
57197807251
57226543241
14421628700
57203418700
7004645382
57215874461
57214820674
57069802900
55418917500
7404666421
56939394300
56485437700
6507295878
55999019900
55740754600
56711601100
55497690000
55295947600
55225979800
57225184439
8703188200
7003460450
55863115300
35179598300
57204045540
23089192500
57216900257
57212227795
57209022965
35622495300
56199291500
56374199600
57196330700
7004184392
56183570900
6602110810
57195602571
7003492877
57193887310
24823233900
57193880346
7005131362
56814612400
56087857500
57211877492
7005533928
56780165600
57193884855
37100279400
56823071200
6701738949
7003605937
24722343100
36483080100
9943021200
10240403500
35085758700
57211807381
35270086800
55519937200
57222371144
6507093766
27169872200
57193423875
56395490600
35103478100
36336814000
57208761172
57027234400
6506794677
57219029487
36053423200
55709188700
57200697133
24476132800
57208864553
57225154448
56948569500
57210312353
9734543400
11739714600
57226546359
57194064416
7403486724
57202054724
54925397300
57021830600
25642006800
6602567116
23095188700
57192542414
57223032330
35397372900
7003892419
57216771920
35789210900
57222581312
54797223700
55981445200
57190442943
35956386100
36469060100
57203483354
35230503500
57193403999
57216234600
56066231700
57195755875
6602072470
26668096600
57200388530
7003438923
55863064500
35773159000
57203119863
56434766900
6603630998
35463856500
57201265819
57221693268
57193064233
55607733100
57206778362
57191711749
55157261900
6602641822
57222708866
57188758497
36133600300
55456463400
57196098383
57195732297
55639546600
7003734499
36558822200
17436650300
36935708000
7102469324
57219688252
57201451821
57223110069
25926634400
57199286473
26321648000
57200166443
56442251800
57223113374
48261570700
8599486300
57211558532
24921442300
16029152600
57212544837
12646768300
56061290000
19640005400
57213182309
25723426700
56152457400
6506261002
57209273403
55347569500
7004081145
7006027403
57148511700
25639188900
8310905300
7006767859
57222549530
55923084200
7004440617
56589483200
57205571469
23396019500
6701555846
57193646438
57206824996
7404903050
57221818300
15053043700
57218313547
7201643107
24342919100
56115267900
42161940400
57222038340
57204495229
38961526700
7006621313
7403219732
14121006900
57195984237
7005967056
6701800953
57158262100
55511070000
57190951405
55272698900
6504790532
57202398035
55620225800
9247719500
57190592764
35316737800
57226873099
56315689200
36508566400
57190841528
16199844600
57201190869
57216223886
18038686800
57214899683
57195358238
57201087222
56722252200
57189326934
55734079300
57209969143
57217248079
6507419194
57316567200
6603156095
57216472326
57222708441
56083617000
57261078700
6506466863
57217688914
56272525600
15731654400
57212391334
56002726000
57188976912
57205755748
57225182265
25642234500
57190684969
7006206408
55704430600
57222082135
6508125036
7102584529
16204716100
57162369600
7201817974
7101684581
8662394000
57195602657
6701604269
57192692860
57192818853
35395245000
57191710711
57190293330
35772668600
35147620200
7103191823
57193279311
56703467100
57193319497
56081931300
36703390000
56275916900
56523399600
57195637860
7003728859
7203047857
55778742100
35362569000
14324983600
7005178558
7005034358
48161400200
56937610900
6602492239
57210464132
56395714400
16033795100
57192540343
43061470400
57208083234
57191889324
15724297700
25925359300
8409976700
57221791113
57023997500
36007982800
57221630360
55912962800
36807941500
56143926400
57217670592
56780080600
56572729200
57221262062
56949822000
17345551700
57211591202
55870584200
22993706700
57215841995
7003609986
7004764756
57208255335
37065430200
7003425281
55904249200
57188737833
6701529090
57190749709
57220851120
57250196700
57197719364
24767362000
56532915500
57196189968
57199964794
7003673245
7102554029
7404086815
56142761700
14630854400
57194689342
12784155200
37120005500
35235611000
12793249800
35728449100
56485799000
13309300400
57210371309
57053412700
6602899997
57200620811
57194377736
46061313300
7003828229
57144015200
49362468600
57195719976
24479652600
57092363300
7402703729
55550401200
57205476597
52163321700
16319316200
7601562455
57218599467
56970086900
8559557900
6603686887
7005730748
34573358400
57197788933
26640008600
57211389015
55210987800
56169569500
57216843771
25923362400
57188835729
56921597600
55189867500
57217070489
57222574953
57203635760
36060573400
8682312900
57213987091
57203965941
57223024820
57208001750
23011943600
57194157985
57194223129
37001737600
57216167727
57213165161
57221384659
7004114381
6701496521
56862417100
6701453774
57219205530
26424175600
23036860800
56336591000
57209775759
57210830198
57216209155
57194270651
35776898200
35170370300
16070578000
57266082700
36116754400
14632503100
57201673097
56755855200
35230430700
23391564900
7201846419
57219523080
7004710859
57208188986
6505868719
57202994955
55943083400
57221975530
7102607978
7003962294
56950812200
56169150100
7404511774
56424267500
7006817977
8868542400
9636090900
57224473654
57193860630
55603989700
55497030100
7101880438
15760802100
57347377700
57216877742
55902697600
7005391660
56203271400
57315220400
56982456600
57216592354
57207233779
7005595568
57191612307
57212821585
56215321800
23486558800
55301102300
57219293936
10046237000
56152342900
57189269240
7201875291
18038475300
8874603400
35786904300
7006291912
57191428880
22036415700
8422780800
57200149917
45761696700
35430259300
36998895200
57203907227
7401620063
15926316900
36135837100
7005918979
57225085132
56566614900
57202979250
23388121000
57191034579
57208655861
8974807300
16174258600
15728099800
14064177100
57196323060
57202900324
53663472900
57218386525
8579798700
6602144904
57192270474
57197751482
57279568500
55790257300
35375959000
7102305182
57221257350
57191928136
6506935065
56067003400
57205404697
23388415500
36781874700
56268704600
7003674108
6701672014
7006776249
56641911300
55957199600
57200073110
57060865600
57210107043
56332591300
57188980026
57205574200
26661117500
16205447200
55910011800
57210452649
55960851400
7403563741
57194169069
55649971900
57222221342
57192085863
55540131300
57225853968
37123718500
7003500781
36727153700
56666149500
57225139421
56493423000
55844304100
57193844653
57222618661
57206214812
57218128249
57225981092
57211994232
57212549950
57219725492
7006410506
55229777600
36106260800
57207492716
57222073910
8526522200
57211365771
57189579231
7801482339
56376325600
37072229000
57205443539
15049080200
57200853721
55911393500
57196746060
56392815000
56102265700
57215843295
7403590415
56384816400
57212021518
6603056876
56497195900
16022463100
12765868000
6602120041
6603939478
22985918200
57195462817
24801961000
7006307933
25625316200
57218254901
57224824173
57200031829
57157700000
23394868200
21743521100
57188983739
7402944700
56459531300
55958936200
26654396700
42261836300
56671237900
50360925800
36697182300
7005357674
57225855231
26767690200
57196086501
57192086170
57225174359
57210369130
7003540219
57208076772
57222051209
57195965866
57215039190
57202524232
25029951300
6507545514
57202500248
23389094600
56438680300
56340483800
57195953448
56450378100
7202275604
57217592674
12759993600
7103072135
57196403504
15062733300
56923934600
25655619900
57207799513
57205732778
57196715819
57199451828
57205441786
57226708548
6701735618
36537986300
56175695300
25928966100
56225913500
10739776200
22133894700
57194632854
7003994340
56185351600
6505542891
39262696800
57090990400
57223203040
22333886900
55819446800
36982397800
57111104000
57193886962
56317982600
57204399325
57141396700
55888119700
25027558600
57188701565
55890927700
24474159700
56519274800
57221935224
8261997800
55858739400
57212512018
55717083000
57224761075
57203875070
57226337838
57222304383
57195805206
35610564000
7004870428
6505687292
57219689333
57221399146
57219000056
15844793700
55572040800
6603637370
55392056400
54881722800
7404386312
7403650215
36133244700
54976304900
57218617920
36682474500
57189091078
57208425549
36761650900
57201867012
57189353511
8961792000
56888341000
57226134695
57222709343
55649580800
57194692173
57212625483
57201694854
57195724135
57193515024
22981884000
55848621300
57204524588
36184609400
57203017650
55977956100
57215305872
56926548200
7004435746
56690471500
55512984500
22941932700
8888551300
57219702712
57200059719
6602196376
57217636251
57202332607
57219596388
57208704529
7004559866
57199049198
57205265841
55187062300
12646442700
54581584500
57200986586
14060612200
57191614459
35214175700
57222750540
57203072118
26430368900
35315426400
21934460300
57202309014
57173231600
25821903100
56483192500
36790918200
57113390900
57188713076
55665272100
6701495221
57202661272
11939831800
55369157500
37081970100
35107940400
7801632948
57212231248
57192573158
15051082700
56114990600
56048180400
23479777500
57206661433
57111671200
57202080930
25925718100
36081388600
55727869600
55926436900
36658957500
57195552712
15755928200
57200930513
57219499723
15837259000
57207734828
57219234421
7005627079
53880421700
23390171100
57219505104
57223921931
55509658400
57302266200
57222491937
17436463200
56979781200
57211405805
8982667400
14058941800
57216933986
55665188800
35576201400
55958407300
57190881395
14054058500
56167065900
57222325369
6508044188
57195203187
7003679554
57215812811
6506022288
57216684440
55989014900
23098451000
55613291700
55938788100
57189714332
36104184800
57213723067
55926823100
7005745068
55774547800
6701593553
57216635607
57188755321
57217247895
57197284951
6506702696
56729349800
56245433700
7402575374
8863010700
7003663899
57215050142
7202953420
24491760700
56591090400
57194525703
57205287438
57210729353
57210152725
57211492013
7006830264
57209326751
57195741187
57072003100
55939435800
35210660500
57206663249
7202781941
57188838905
56733036800
57201096167
57220211397
57205554058
57212559967
57215095697
56142320200
6603022117
12774441000
54973689600
56497765100
23985049500
57215875153
6603156928
57216576545
6603231714
57216762733
23480992100
7404710258
35896276900
9235703200
35209400400
7003322263
56765312900
57210793076
56288904600
57210706133
57209322059
57200693154
57200088945
57205296947
6603001620
57192691193
57216760117
57184684900
17134312900
55339522500
7101841106
14032184500
55206503900
6602656510
57215830790
57203940510
57201641563
57226394429
10539861900
57211836069
24773935900
12040259900
57214202539
55966675500
34874818400
57201909018
6603491140
24479552900
51261250000
56648185200
6602155179
57188829470
7404229052
57214238571
7401504093
57207721583
56822575600
35109007100
56242499700
56295386400
56406272900
16403910800
57219807568
35104472300
7402953786
54892075500
57201717950
7003837493
7202962622
24734476000
55474680600
34876896800
57200122375
8976184700
57219231537
56561965200
57221349821
6507267391
55273936100
56940749500
57201948291
55747136500
23104287400
57205433832
22836892600
57225193743
57191927928
54906559800
57211170629
57204356644
57205282338
7102607966
57226045006
57207182359
57195503609
57201639201
35723738500
57214830151
56587733300
57196320137
13006678300
57193011446
57194759560
57189593335
35812691000
57189261894
57191281095
57194177295
7003954863
14063696400
25951830300
6602645410
56535705400
56504205400
57222068519
56013665000
10540924300
24766450400
56786009100
23991107700
49761135600
57220547874
56455287300
57200378221
55358873700
57035307600
14031056700
57201435868
6602812278
57221015356
56066249200
23987569600
7103402649
35280406800
55257048700
57218117348
57201735991
7103200956
23389948400
55742311000
55711511000
35079585800
6603156741
57213442471
57188694367
35338414300
55210114700
7201879197
26967843600
57204056083
55139905100
57203308244
8531611200
56573316200
34969635100
27467442800
12545697200
56582853900
57205116032
7003903434
57226327508
23049888700
56814941600
57227948600
